BiLSTM=1, emb_dim=100, seq_len=hid_dim=128, attack
0.7397, 0.8027, 0.8701
0.7268, 0.8335, 0.8742

0.7448, 0.7960, 0.8698
0.7318, 0.8387, 0.8771

0.7539, 0.7976, 0.8729
0.7391, 0.8331, 0.8780

0.7455, 0.8067, 0.8729
0.7297, 0.8418, 0.8772

0.7615, 0.7861, 0.8718
0.7475, 0.8276, 0.8791

(87.43)

BiLSTM=1, emb_dim=100, seq_len=hid_dim=128, attack, EWE, avg_pool
0.7285, 0.8199, 0.8713
0.7043, 0.8570, 0.8728

0.7281, 0.8282, 0.8733
0.7086, 0.8626, 0.8756

0.7662, 0.7883, 0.8737
0.7409, 0.8331, 0.8785

0.7444, 0.8034, 0.8717
0.7326, 0.8378, 0.8771

0.7339, 0.8186, 0.8726
0.7101, 0.8587, 0.8751

(87.42)

BiLSTM=2, emb_dim=100, seq_len=hid_dim=128, attack
0.7572, 0.8008, 0.8747
0.7395, 0.8356, 0.8787

0.7455, 0.8042, 0.8722
0.7268, 0.8423, 0.8765

0.7314, 0.8245, 0.8734
0.7112, 0.8533, 0.8742

LSTM=1, emb_dim=100, seq_len=hid_dim=128, attack
0.7492, 0.7954, 0.8709
0.7333, 0.8239, 0.8738

0.7249, 0.8269, 0.8720
0.7108, 0.8517, 0.8737

0.7394, 0.8083, 0.8715
0.7297, 0.8407, 0.8770

0.7637, 0.7821, 0.8713
0.7464, 0.8215, 0.8771

0.7368, 0.8156, 0.8727
0.7170, 0.8521, 0.8758

0.7245, 0.8317, 0.8731
0.7079, 0.8550, 0.8735

LSTM=2, emb_dim=100, seq_len=hid_dim=128, attack
0.7230, 0.8307, 0.8724
0.7028, 0.8620, 0.8735

0.7154, 0.8312, 0.8701
0.7075, 0.8568, 0.8738

0.7299, 0.8221, 0.8723
0.7159, 0.8493, 0.8747

0.8018, 0.7485, 0.8713
0.7823, 0.7874, 0.8780

LSTM=2, emb_dim=100, seq_len=hid_dim=128, attack, EWE, avg_pool
0.7263, 0.8293, 0.8730
0.7021, 0.8623, 0.8733

0.7285, 0.8276, 0.8733
0.7119, 0.8579, 0.8755

0.7365, 0.8129, 0.8719
0.7199, 0.8497, 0.8761

0.7343, 0.8164, 0.8721
0.7148, 0.8521, 0.8751

0.7713, 0.7741, 0.8711
0.7515, 0.8118, 0.8760

(87.37)

LSTM=1, emb_dim=100, seq_len=hid_dim=128, attack, EWE, avg_pool
0.7343, 0.8261, 0.8747
0.7101, 0.8614, 0.8757

0.7176, 0.8338, 0.8715
0.6923, 0.8692, 0.8717

0.7855, 0.7655, 0.8723
0.7718, 0.8032, 0.8796

0.7220, 0.8361, 0.8734
0.7032, 0.8652, 0.8744

0.7463, 0.8181, 0.8762
0.7257, 0.8514, 0.8784

(87.48)


LSTM=1, emb_dim=100, seq_len=hid_dim=128, attack, singular, max_pool










avg, singular
0.2, 87.46
0.871421179186747, 0.8762546281515756
0.8742610837075171, 0.8769887430559901
0.87169487622532, 0.8767232016941235

0.1, 87.56
0.8749706736644656, 0.8786895231072918
0.8721481529989596, 0.8749307647094292
0.8731353616812747, 0.8796226162376702

0.0, 87.50
0.8742270377011994, 0.8747519857002797
0.8730442478431569, 0.8757609711674974
0.8730208262836756, 0.8791860258418602



0.1, max, 87.49
0.8732852256083332, 0.8755191688995452
0.8736222452192164, 0.8773758021797027
0.8721164733259852, 0.877548544694309

0.2
0.8712607074181451, 0.8791687498727734
0.8717114294591441, 0.8748482458481472

0.0
0.8718, 0.8760
0.7234, 0.8727
0.8716, 0.8737


0.1, linear(no-pooling)
not good

multi-dimensional, 4, 0.1, avg
0.8749, 0.8751
0.8707, 0.8780
0.8733, 0.8748
0.8717, 0.8763
(87.44)

multi-dimensional, 4, 0.1, max
0.8731, 0.8794
0.8736, 0.8734
0.8728, 0.8736
0.8742, 0.8760
(87.45)
